
BK1/BK2 ABC N MW
128518
128519
128520
128522

128529
128530
128531
128533

BK1/BK2 VOLT AB/BC/CA
128524
128525
128526

128535
128536
128537

BK3/BK4 ABC N MW
128540
128541
128542
128544

128550
128551
128552
128554

BK3/BK4 VOLT AB/BC/CA
128546
128547
128548

128556
128557
128558

66KV N/S BUS VOLT AB/BC/CA

228313
228314
228315

228316
228317
228318

#AGGREGATED

128518
128519
128520
128522
128529
128530
128531
128533
128524
128525
128526
128535
128536
128537
128540
128541
128542
128544
128550
128551
128552
128554
128546
128547
128548
128556
128557
128558
228313
228314
228315
228316
228317
228318